 
Nombre (taille voiture) - Aantal (grootte auto)
Coordonnées - Coördinaten
1
1
2
1
1
1
1
2
1
1
1
1
1
2
2
1
1
1
2
1
1
2
1
1
2
1
2
1
1
1
1
1
1
1
1
1
1
1
1
2
1
1
1
1
1
1
2
50.8767836740018, 4.355600573622572
50.8654622257958, 4.357847063526991
50.89456677437937, 4.321652033161502
50.8955444215758, 4.383344147791898
50.90077643674335, 4.365004273481347
50.87614702024921, 4.357375136578862
50.898624701503664, 4.400754107707293
50.833956530927246, 4.349522249349545
50.84689587904256, 4.340038217708361
50.898837083576225, 4.327292654222085
50.84044605859546, 4.357179653984042
50.8560954935433, 4.352561330568389
50.847317216678164, 4.33969843605671
50.848933025137896, 4.381865135407661
50.873195268346656, 4.346043646250595
50.895562260771264, 4.37351043297355
50.870213389830326, 4.344731714992657
50.874377787746454, 4.360967683309137
50.83326326077345, 4.346844406091115
50.89685512036565, 4.326894774059187
50.8538166283061, 4.354762323949881
50.882408354143166, 4.341566306770092
50.88476025374319, 4.340633915519993
50.84454914044263, 4.3423879927841
50.870887765257564, 4.342733968352695
50.8799469292569, 4.349534238201925
50.874014937941304, 4.358056663882452
50.87341661906581, 4.352725162430032
50.89917068418468, 4.358752688531576
50.85757897944444, 4.346576197097852
50.846619423115385, 4.340883863491981
50.87007769242838, 4.344307032305013
50.879455811274994, 4.349401633809727
50.883439295996574, 4.353530405579127
50.87333562527062, 4.353474067258754
50.84479732823438, 4.348464851649714
50.89658698115478, 4.392408586587552
50.85477575994424, 4.349893025075596
50.81775406087007, 4.371069205917602
50.85050040639879, 4.348240146761563
50.84379308320988, 4.385575216658808
50.89555435451666, 4.388984358725401
50.84494364405169, 4.353866301393674
50.83823390435141, 4.360537533742892
50.84885521405058, 4.347546731012978
50.84703024828116, 4.387573702380712
50.84561951206113, 4.349300300891102




 
1
1
1
1
1
1
2
1
1
1
1
1
1
1
2
1
1
2
1
1
2
1
2
1
1
1
1
1
1
1
1
1
1
1
2
1
1
1
1
1
2
1
1
2
2
1
1
4
50.89884325270503, 4.328150020136103
50.83480325330793, 4.346145997474441
50.88252587638593, 4.346629244318972
50.883182995404574, 4.342699362365588
50.888379020399185, 4.343256851995083
50.89209834797032, 4.385907149443825
50.85496282452753, 4.354833147920321
50.838215765274484, 4.36049567462258
50.893650657640144, 4.376385129566453
50.907023915140506, 4.388374313815136
50.87318951619701, 4.353560866915934
50.87580192117425, 4.348432595958248
50.891891741348104, 4.376438214667037
50.89794379642774, 4.373297495355789
50.896816158184635, 4.325549160675627
50.891902269290945, 4.38765051714029
50.877605591872005, 4.343831633860111
50.898724544055156, 4.32904239808147
50.907197559850346, 4.388467623916442
50.849791549250256, 4.365120377906678
50.84253393909193, 4.364936365092416
50.84465835163694, 4.384997700835248
50.89668308410819, 4.322594063980048
50.895530680822304, 4.37216843346767
50.89749566327446, 4.364225632733288
50.84948343995189, 4.339149254826195
50.86913531586575, 4.359416052000579
50.846659928122655, 4.339774069199346
50.89287679911319, 4.421853643624059
50.88874892909595, 4.338774112517425
50.89931190668109, 4.381977598696758
50.88271693848441, 4.344451046793703
50.820923296921194, 4.371159673828673
50.845199606093374, 4.385608192164397
50.82018956846152, 4.373042717325117
50.899955192270426, 4.38076846197505
50.85284180690125, 4.366039631652637
50.834861513948084, 4.348733990889032
50.87686390498394, 4.350773018917614
50.88263738275026, 4.341485556010817
50.84503570480222, 4.342925341717411
50.88194264302308, 4.346527958759369
50.84600038758045, 4.372464950032289
50.8435927852716, 4.349466424554571
50.847561956763144, 4.341375061906941
50.877991197166104, 4.340621706762861
50.87755628635917, 4.343587757657025
50.89402050821619, 4.321632354120106




 
1
1
1
1
1
2
1
1
1
2
1
1
2
1
3
1
2
1
1
1
1
1
3
2
2
1
1
1
2
1
1
1
1
2
1
1
1
1
1
1
1
1
2
1
1
2
2
1
50.87366580144748, 4.358476690188997
50.87293198238362, 4.354410296388722
50.891732138854586, 4.376365795380993
50.894828316963185, 4.380690146365681
50.8915685013537, 4.384795374159117
50.8448691824151, 4.352692230838631
50.88470016197647, 4.34238953159559
50.88760365464607, 4.427141853843417
50.823701579538515, 4.365965271171856
50.890530124889025, 4.34412083174896
50.854331053569204, 4.344686149730126
50.87464063864667, 4.349489355767913
50.87047820823279, 4.36045634019267
50.89171109116815, 4.417729912643495
50.850987644805876, 4.360501759642604
50.87131656500307, 4.344580760046977
50.89329638348039, 4.3289122645739
50.88944592132231, 4.333399947038038
50.88246141087001, 4.345701000213226
50.88732682929937, 4.340581547581068
50.87201927557529, 4.348228464913968
50.87168001143816, 4.343957045309626
50.87201673395366, 4.34557004182009
50.80861377141814, 4.380482405609571
50.85355521369619, 4.355732273017106
50.847174158208205, 4.390055706025441
50.87465056661232, 4.360107140643342
50.82988987454809, 4.364005618143076
50.8396319122325, 4.34509287678807
50.87687971360624, 4.353406962698227
50.89091203889532, 4.386946204386895
50.891886142546724, 4.375023885428637
50.87747182211066, 4.350406665613244
50.89716342250121, 4.324132533691982
50.85444638367109, 4.354526481713573
50.87418204666396, 4.353492932170561
50.89124529842089, 4.335309946973953
50.893244409925046, 4.383892080967547
50.84860885508663, 4.341744437727173
50.884761356885825, 4.343329025227524
50.87830610508898, 4.353810553122949
50.89332999364703, 4.328118846812129
50.889668282189234, 4.374670049236458
50.87089038555483, 4.351836168038047
50.88427305142655, 4.338873686826471
50.864407071081075, 4.358996442047203
50.874127538213486, 4.35033104214902
50.84396124823119, 4.393203636577907




 
2
1
1
1
1
1
1
2
1
1
1
1
1
1
2
3
1
1
1
1
1
1
1
1
1
1
1
1
1
1
1
1
1
1
1
1
1
1
1
1
1
1
1
1
1
1
1
1
50.84938104154255, 4.353173911140279
50.839694454694566, 4.350931601895917
50.87719409842831, 4.353800981441776
50.885528878435636, 4.350516442995396
50.880788620225694, 4.345233847516257
50.87513868369899, 4.338987653570979
50.86923546874611, 4.359483553957894
50.84340289448781, 4.348766842413641
50.87249166049729, 4.351588606986542
50.83606775425068, 4.34648927083864
50.87812086793354, 4.354376866822124
50.89887087476944, 4.358705177103458
50.857101877173605, 4.351004739377989
50.88761604085955, 4.339009124539614
50.8931107380365, 4.337484772444226
50.89672195061468, 4.344119118996981
50.849300727894835, 4.380211055691378
50.87305781181377, 4.355739324445919
50.891634612865346, 4.375174938600511
50.89598391908927, 4.378088380323983
50.89029004425164, 4.335396918664569
50.84346427574428, 4.392956697050287
50.876781955385624, 4.354275707827608
50.837281200700495, 4.344206399541233
50.83348094243519, 4.346221685890399
50.854648715849116, 4.345869209451907
50.8549270015081, 4.344909828818843
50.84608394241669, 4.374635966539183
50.876858736458495, 4.340685046006658
50.86658278179595, 4.358019585292578
50.89376471522682, 4.381706494188497
50.89284107557115, 4.333070025181806
50.88872060259642, 4.342797690910166
50.83888654136018, 4.35306460285486
50.84718825484424, 4.373659942033011
50.875864924436655, 4.345366209194083
50.87421577144482, 4.35689485292855
50.88167008101511, 4.341058780145106
50.891246612050466, 4.374381035064606
50.84543785638411, 4.340836267344923
50.881775947805984, 4.347241222049529
50.873328057754065, 4.35687761017564
50.901604620857015, 4.382920925739
50.8816296764842, 4.346121481849273
50.86842787121721, 4.359145065405591
50.89147978070005, 4.330667585338177
50.85448813883112, 4.345355120246501
50.87724294926444, 4.359009267443637




 
1
1
1
1
1
1
1
1
1
1
1
1
1
2
2
1
1
1
1
1
1
2
1
1
1
2
1
1
1
1
3
1
1
1
1
1
1
1
1
1
1
1
1
1
1
2
1
1
50.895370174321855, 4.38003407336989
50.890175840027986, 4.38599615655868
50.8385632329699, 4.351901815590404
50.839457693868084, 4.343953576860443
50.87300831555544, 4.354891786135191
50.8725784117592, 4.352191624896088
50.8918756313528, 4.367743868996183
50.89851774166311, 4.385366733627517
50.83443932527416, 4.343865401577695
50.85098075725852, 4.384721216090672
50.86892778831551, 4.359494034538979
50.89664371076749, 4.362810800115392
50.836236346041375, 4.342558515183069
50.875020205876694, 4.356020972789843
50.857854901294154, 4.353904103197386
50.89897554384497, 4.359864280336425
50.87610803057117, 4.35205720336586
50.880191323511845, 4.34866919071596
50.89487543261948, 4.419996772680786
50.878897595057815, 4.341579310388371
50.89770345198119, 4.373213115343789
50.84299809668814, 4.358534987218186
50.892936053539714, 4.377673344691072
50.90070541328155, 4.381696505934588
50.89244426523552, 4.382354478241495
50.83774972553979, 4.344026645389908
50.87480651085722, 4.339336424128102
50.87493511421362, 4.349548476216727
50.84399704625781, 4.34000143515653
50.87683149227099, 4.353549997083624
50.857529958047046, 4.353519155627345
50.874159268592855, 4.357253147378613
50.89795166765649, 4.354419836822004
50.88810806858128, 4.413219396189949
50.85591604216315, 4.353716162678857
50.84514159212543, 4.34202217196245
50.84473195416904, 4.387856933478745
50.84759929219013, 4.3870380453976
50.84327199225825, 4.395569651851604
50.88453971681271, 4.342077830626492
50.87115867216495, 4.351862542513233
50.839641036482966, 4.352884638344716
50.876485563209684, 4.356731632138042
50.88703089060193, 4.428642996742886
50.888453851805366, 4.38305135250197
50.84087884135897, 4.374134730233627
50.89129545942162, 4.342515011277371
50.83948640026529, 4.346443909586221




 
1
1
1
1
1
1
1
1
2
1
1
1
2
1
1
1
1
1
1
1
1
1
1
1
1
1
1
1
1
1
1
1
1
2
1
1
1
1
1
1
1
2
1
1
1
2
1
2
50.88744977803576, 4.342838616245804
50.89449319364626, 4.365007910611115
50.89469137805715, 4.374598421761799
50.864065888061674, 4.35731060006261
50.87256831936549, 4.353444564264198
50.85238939956485, 4.349610657851847
50.89743840244988, 4.356402691857888
50.895074664115846, 4.370672320064814
50.896060232359204, 4.387584954167177
50.84026634481104, 4.352435135856891
50.838582119718, 4.360714330001801
50.88260299497297, 4.345177700868337
50.893746973337024, 4.418496130193778
50.889631278297266, 4.343073110376109
50.874564050332395, 4.351783256827629
50.887190392383005, 4.343772775912957
50.87025818122162, 4.342881740927811
50.87018682325948, 4.344958678803708
50.838264601957405, 4.360610236256633
50.87967364834974, 4.345337156729837
50.87468440283187, 4.358864346575518
50.893704317319006, 4.381928847592435
50.88976743690787, 4.426143090450634
50.84817135761766, 4.390392119491898
50.85098054988526, 4.343254174541267
50.851518101620286, 4.346444054525828
50.878511189535274, 4.347855549468957
50.828148362515755, 4.360941459158358
50.891360454593666, 4.32926881001006
50.8440395107746, 4.370733323680223
50.881304107252056, 4.347008958938865
50.895506213011316, 4.329930627488529
50.84012524126484, 4.347519475375455
50.84887638798125, 4.381892851363069
50.892292804157435, 4.380747543660811
50.854320223627546, 4.345241572649141
50.86358266498818, 4.352853824336853
50.843669832526324, 4.393950385804858
50.858196009003436, 4.351874299781737
50.83973180695395, 4.344452020338045
50.85096840405184, 4.349281521205302
50.88548050007996, 4.350456210440611
50.89832362704123, 4.361259571176812
50.873726554225875, 4.358081565701718
50.85768790560337, 4.3465694919334
50.89627655504428, 4.372885561682081
50.89152358084253, 4.387462253041464
50.85182480258478, 4.361184558224033




 
2
3
1
1
1
1
2
2
1
1
1
1
2
1
2
1
1
2
1
1
1
2
1
1
1
1
1
1
1
1
1
1
3
1
1
1
1
1
1
1
1
1
1
1
1
1
1
1
50.893852361350376, 4.373468318720371
50.84646264638901, 4.343309601647384
50.846840615587, 4.343942605428346
50.87733510504413, 4.351242729417218
50.872124538772155, 4.347037721654437
50.83009244145549, 4.363513345896903
50.889396606074264, 4.374815477592242
50.88779958968343, 4.378387373970199
50.89781275132907, 4.373250314647739
50.89371784363091, 4.389275810948218
50.89037858524242, 4.338696888556409
50.85333002324634, 4.351607598872388
50.87867224786294, 4.347824703495022
50.874683112209986, 4.348576197011637
50.88242341049084, 4.343214246176581
50.89597533767293, 4.379338573044159
50.893767928522585, 4.389402051470813
50.878964803284326, 4.347182031123308
50.89586162631949, 4.387826362341913
50.89472158631554, 4.363776329156068
50.82662565788007, 4.364962872755177
50.85853091383652, 4.347940824863421
50.89110377761904, 4.379777605236426
50.87670884483249, 4.349924186264461
50.86282945360378, 4.3568654659702
50.887538783563684, 4.342907952720274
50.871410255778606, 4.354096403109545
50.88833999267781, 4.3397216065501
50.84377361874602, 4.375731018523171
50.85636214867145, 4.348614316795254
50.88332595574898, 4.351375196501618
50.877669073698115, 4.357995114965138
50.8400371993268, 4.347843651512293
50.8485949817719, 4.382346883033779
50.87585406357099, 4.350135186176703
50.87993110921145, 4.345328066055678
50.8514996222947, 4.365821623596868
50.85020516667488, 4.33952294725795
50.8747690473822, 4.349078995974873
50.89521778492308, 4.326159294182021
50.878451924415465, 4.34252943451884
50.881650388635855, 4.341344883664165
50.89213917385148, 4.382163576297103
50.87795775529877, 4.339776180032394
50.9006903699106, 4.361964080610726
50.834065349053986, 4.344414032279884
50.84997441224932, 4.33879640560532
50.847769632244834, 4.378840877205841




 
1
2
1
2
1
1
1
1
1
1
1
2
1
1
1
1
1
2
1
1
1
2
1
1
1
1
1
1
2
2
1
1
1
1
1
1
1
2
2
1
1
1
1
2
1
1
1
1
50.87250669597877, 4.348095736407491
50.89715045281109, 4.324001104905085
50.85026554084891, 4.381967461498393
50.82687729472665, 4.363894803753476
50.85575769896657, 4.352451806249054
50.87616100821991, 4.34848847610724
50.83209143971731, 4.359324944501362
50.83051853476435, 4.359031479824219
50.83496688621155, 4.344869546277878
50.85709146452569, 4.348268305444956
50.84566210100619, 4.343091524372479
50.85364347941347, 4.347631819252041
50.85107727948841, 4.386430110572702
50.880787446686845, 4.34205184936246
50.87811078403812, 4.34201622506777
50.86809721949654, 4.359019895499327
50.894988615886305, 4.423447408480321
50.89885842902118, 4.363662192304566
50.85847124181238, 4.348083784056801
50.86485686577688, 4.356378500379935
50.8901307317159, 4.3773904456521
50.84305641457606, 4.361184804684175
50.85697742852952, 4.351737654615404
50.88860279472302, 4.338652270333711
50.87443622904358, 4.360046715994962
50.90308297945219, 4.41619671046579
50.84667522017252, 4.339919753626724
50.8780938121537, 4.34303326380783
50.87450018571306, 4.355532715103544
50.84488586946989, 4.386087081101193
50.89937761276475, 4.330908152144039
50.89297590605028, 4.374188621726068
50.84724806427139, 4.339205894234548
50.89471276008684, 4.361071651273999
50.83343134185721, 4.344715614354203
50.877516588840145, 4.351672672177022
50.88685126312301, 4.429006232132773
50.84542038976937, 4.350988734775997
50.851590043510946, 4.367753960717801
50.877345007230005, 4.353012860005765
50.88175869393509, 4.339771319152764
50.881711585812425, 4.345255863416339
50.895748403091595, 4.320747671442983
50.83757065562288, 4.342798512834372
50.853158725775884, 4.353614439790174
50.85016958075888, 4.382494515837683
50.84576203284169, 4.391075183385176
50.87815788504768, 4.344441955591527




 
1
1
1
1
1
1
1
1
1
1
2
1
1
1
2
2
1
1
1
1
1
1
1
1
1
1
1
1
1
1
1
1
1
1
1
1
1
1
1
2
1
1
1
1
1
2
1
1
50.871894447281164, 4.355262965126208
50.87347239322062, 4.352849820074681
50.891772190522694, 4.414161149953189
50.88922294857618, 4.342982469098488
50.878935005477366, 4.350698798541104
50.83906612933665, 4.351114928516524
50.84860473431334, 4.366785581962015
50.83817809218744, 4.360416363380568
50.85672019749427, 4.346663880280812
50.88934485727052, 4.34016495325217
50.84876311454443, 4.381948284493778
50.8799564383133, 4.344496530342874
50.897549557834104, 4.373119649529267
50.84528016216811, 4.352310909779527
50.897102309307826, 4.381258435463907
50.849119604731115, 4.363500524740346
50.837817480009676, 4.344470998647152
50.845288050233364, 4.342352243872122
50.85307756470598, 4.345629995444567
50.87489026857279, 4.355179773182119
50.843960633014674, 4.340052844134354
50.857396619037935, 4.35204407993445
50.858004796142865, 4.347768080501421
50.83880893134393, 4.34811852447789
50.84929315128555, 4.379017908665059
50.89612792229417, 4.35798908653877
50.899290000194185, 4.358798214763084
50.80291787864244, 4.388441361349878
50.815404637371245, 4.372597516756282
50.83667823059593, 4.342226910915016
50.84896271470311, 4.381642465112935
50.85031126282217, 4.38165677254183
50.87076192127072, 4.344697838296013
50.88864458148845, 4.341465140608674
50.84863625622733, 4.379334785826908
50.84412478269332, 4.359233180212867
50.890516602852244, 4.342619850548385
50.84125386685242, 4.342155991919583
50.87344805551722, 4.347641548505504
50.89290330594105, 4.422507373897581
50.89283998225165, 4.416983062613072
50.878535558877154, 4.344856098917085
50.847669955069144, 4.389466768422905
50.8804957538203, 4.342323393422302
50.82414004182971, 4.368277138507322
50.87498595439751, 4.347700226344312
50.88992051529031, 4.331233735837313
50.84896270336674, 4.365305015832791




 
1
1
1
1
1
1
1
1
1
1
1
1
1
1
1
1
1
1
1
1
1
1
2
1
2
1
1
1
1
1
1
1
1
2
2
1
1
1
1
1
2
4
1
1
2
2
2
1
50.81027674149922, 4.38266916163693
50.84749062740572, 4.368016627243251
50.897719463839735, 4.32974667223895
50.892350217637386, 4.332507306153278
50.889754259781526, 4.381933198565745
50.88891312615375, 4.344613833798682
50.90037459523671, 4.330966197212144
50.87089035237256, 4.345944070947307
50.88707577706488, 4.340896060897554
50.86660361369009, 4.357808429680675
50.8847716239766, 4.409070282031194
50.89912253108702, 4.361725363890496
50.87801719381282, 4.341248308267902
50.88079923171384, 4.356826439897256
50.88781901968124, 4.339673254143325
50.89414683141022, 4.36507247604581
50.89799513383403, 4.380934249561869
50.85423188454956, 4.342656081578095
50.88585271846321, 4.342452665716729
50.89569489455109, 4.3853495148565
50.853330387477754, 4.355206254786974
50.8888814317229, 4.338315286394903
50.84402263123286, 4.345040759706539
50.85234363793061, 4.350683835649855
50.856170544236655, 4.346861883352627
50.8427124882459, 4.341776511171629
50.882778026710604, 4.345997296441818
50.887318565931686, 4.340274776212048
50.83038639310532, 4.358884405703927
50.84173003644158, 4.377241124612345
50.84974970591439, 4.385806405047525
50.854619989996074, 4.353852920448445
50.86434894267655, 4.35580355352639
50.88419927115336, 4.34047343656612
50.86613734277705, 4.357217679981836
50.83709323814342, 4.343576742499256
50.8765990817442, 4.341740993108147
50.85458929417632, 4.356769265422554
50.89859316447132, 4.361398597738964
50.84320735147307, 4.343355698088272
50.8511603615202, 4.344568428122737
50.89584413084725, 4.322042973124683
50.80117215001197, 4.391922325282371
50.823016009012086, 4.368672351675047
50.83407406143864, 4.347610365628939
50.85100962421619, 4.350135599222729
50.85341820037304, 4.345829820750083
50.87177885453032, 4.342847254095854




 
1
1
2
1
2
2
1
2
1
1
1
1
2
2
1
1
2
1
2
2
1
1
1
1
1
1
1
1
1
1
1
1
1
1
2
2
2
1
1
1
1
2
1
1
1
2
2
1
50.84613937275925, 4.383633649085887
50.883425574498226, 4.345497798045685
50.89902441612384, 4.360816988742553
50.84848800509825, 4.366666245124539
50.83785044425337, 4.355113000702303
50.877629333874395, 4.351490258698158
50.895940690404345, 4.391564913012442
50.88313477759221, 4.345572858969783
50.89563412046221, 4.392552060405621
50.85260821975432, 4.360056993949809
50.89210279582949, 4.334209054524926
50.83843502128856, 4.344889569366226
50.89572192899099, 4.323522799812284
50.87644837332949, 4.354235334728181
50.89519351020478, 4.42036399778793
50.854620250789104, 4.347314022944193
50.89716737030731, 4.324201376983397
50.875285244698745, 4.359362789610435
50.89649219495203, 4.374742064351666
50.84298363964993, 4.353101437814638
50.85474979686804, 4.34901147318729
50.88312520710659, 4.345873308651318
50.890095189772644, 4.385866515274132
50.89481653102701, 4.382061147662981
50.852153795368665, 4.357383682412309
50.90033200279095, 4.384179871834367
50.88058259271577, 4.346130873233928
50.83498523812766, 4.343928544623056
50.877144847004196, 4.341356855024707
50.83747692818895, 4.342160594356774
50.85571494356434, 4.349836805288508
50.87921342176184, 4.344981581922223
50.878498885752215, 4.350360634768917
50.8752172637198, 4.347909886646589
50.848781896565704, 4.358529309205708
50.837582979983516, 4.348866380995004
50.85778536402036, 4.345997150178141
50.885921107143716, 4.337393712280135
50.85299422694374, 4.344369453885736
50.84796830339338, 4.388385359987065
50.88842149040316, 4.336373666831131
50.89017568515912, 4.343194343091539
50.891053826960835, 4.380169081425692
50.83542682469337, 4.347035489321818
50.889041468162816, 4.342942185066148
50.89384561651082, 4.391337763207854
50.835617983957654, 4.349881468190653
50.852554378368836, 4.34728784062651




 
1
1
1
1
1
1
1
1
2
1
1
1
2
1
1
1
1
2
3
2
1
1
1
1
1
4
1
1
3
1
1
1
1
2
1
1
1
1
1
1
1
1
1
1
1
1
1
1
50.84535042344489, 4.378327078186814
50.899087648006024, 4.328010542023812
50.895428540357344, 4.320300166591359
50.89532400996092, 4.380220312402167
50.88979572152116, 4.377096296866141
50.8780265798508, 4.340014450086197
50.82306782288492, 4.366540991850889
50.84649945344801, 4.360360243170703
50.853350891868516, 4.351049640620542
50.882276547322306, 4.353225178750937
50.875118265543705, 4.360320823925792
50.89585205810713, 4.366900361592219
50.87522657143659, 4.358970292875291
50.86603259372791, 4.358224819963047
50.893959312909864, 4.383858732312476
50.848882293506065, 4.358998354413473
50.89589506890984, 4.392607862188896
50.8413203623213, 4.354117462633027
50.84014842364562, 4.348546838511163
50.83970039876016, 4.356808095076
50.84599826537625, 4.365877696973318
50.87125258039536, 4.345142537099377
50.881039592859665, 4.347430981008037
50.83041886419762, 4.358803492597803
50.89904513606207, 4.330029208631251
50.89514193450682, 4.336357456402056
50.847668186459615, 4.385847650252932
50.82383716341704, 4.370081125849432
50.843181383131224, 4.340705758829276
50.84471514293175, 4.342360437504791
50.880249227182226, 4.344156803957341
50.89753787107716, 4.355117840927485
50.897771294855744, 4.360964526807709
50.84881975081717, 4.381920567251687
50.845886079077516, 4.381144050219833
50.87904062350616, 4.350346008375592
50.89187407759895, 4.420137195295333
50.895466478107664, 4.363504025985076
50.84590694163569, 4.372415382179424
50.87722577357819, 4.353227906424846
50.88245292481402, 4.352052699552429
50.884026745390166, 4.339789809557404
50.88477969297657, 4.34247938594658
50.89792605718604, 4.374451600731168
50.904040673278224, 4.386830581958121
50.86756137779293, 4.35976407011976
50.89720288369156, 4.32817081593028
50.846500437119886, 4.388763376059997




 
1
1
1
2
1
2
1
1
1
2
1
1
1
1
1
1
2
1
1
3
1
2
1
1
1
1
1
1
1
1
1
1
1
1
1
1
1
1
1
1
1
1
1
1
1
1
1
2
50.88747603516793, 4.344281188295178
50.89245815544539, 4.38668454334818
50.898452775844135, 4.330392796048979
50.893755191290246, 4.351487304037871
50.89566519943994, 4.327068507706294
50.89743539224671, 4.324307018885012
50.88845750537749, 4.342396704122662
50.85494673005848, 4.354661709420009
50.843832817812974, 4.395798921802211
50.89744215846731, 4.324417882829978
50.89900246016189, 4.380910878796522
50.857102177533974, 4.346387858722079
50.86369457607159, 4.355291192858483
50.85385796362365, 4.344601364921165
50.88223455655336, 4.347038769574346
50.88057552743384, 4.347519196100349
50.8986585583435, 4.358706544255824
50.88503813597414, 4.339806154395625
50.87354663202093, 4.353111522823188
50.874286226160265, 4.349409125917695
50.89509375623002, 4.319734675923087
50.89927192312577, 4.326872570429339
50.87297065098502, 4.348608249956755
50.87669106302435, 4.360598454039192
50.897016593793694, 4.391860089295731
50.85251537599939, 4.35335919683318
50.84942777018526, 4.343470741363108
50.89941284849147, 4.382052437920645
50.83819762661125, 4.360460425549323
50.84344129907761, 4.394181772600843
50.898324190526196, 4.398107895551166
50.81631885017546, 4.372270523017762
50.85115465263659, 4.342642956322159
50.84580331195365, 4.384992595541354
50.8960955497808, 4.393707513408957
50.83093403603449, 4.36051474155611
50.83890093785019, 4.345394872893196
50.87060950425152, 4.345988773407238
50.86036562481418, 4.353537474033689
50.8895759805824, 4.377019306374288
50.87547375239744, 4.357836158514827
50.84481626249133, 4.366286085711069
50.84781602905542, 4.3398276730059
50.843604616421246, 4.352043225088518
50.89612124228574, 4.393376402950999
50.89977602539522, 4.329746782341848
50.89927334636525, 4.32788240528429
50.8956177060702, 4.341166641629358




 
1
1
1
1
1
1
1
1
1
2
1
2
1
2
1
1
1
1
1
1
1
1
2
1
1
1
1
1
1
1
1
1
2
1
1
1
7
1
1
1
1
1
1
1
1
2
1
2
50.878595454253244, 4.340522017408515
50.83444846595894, 4.348468005291119
50.887549508518376, 4.427308150608978
50.873349333503555, 4.347776703693479
50.89488009430644, 4.391525829828049
50.90106802748556, 4.333108028259269
50.87699281740226, 4.342817808870889
50.878209719144245, 4.354099258079471
50.82895198754661, 4.365136903598041
50.85403128300648, 4.362077609367824
50.85725643104746, 4.349042703903384
50.85070610206721, 4.349445020330829
50.853377631894176, 4.347424842165953
50.84895007247191, 4.364790621044344
50.88187234008818, 4.344180245688438
50.844345059304814, 4.342713546656246
50.89098255342272, 4.343323669483471
50.87565827882923, 4.356447444011998
50.89370168823971, 4.388937885095895
50.89493489090666, 4.384287524888443
50.83928286138692, 4.347265559279215
50.83940110656739, 4.356266658343017
50.85762415931605, 4.347906075773337
50.84693892472856, 4.346641121195144
50.85071233506591, 4.347013577394725
50.87334765741748, 4.345909886136694
50.87554359633114, 4.340440584254194
50.88674003280745, 4.339924340340716
50.87204554977044, 4.345977802896136
50.888502932946366, 4.335634214003967
50.900041065377124, 4.330348996252743
50.8944241816288, 4.3814864534482
50.83901211174975, 4.348680885634387
50.89421043156148, 4.378729949262796
50.8366180598258, 4.355560303240424
50.84593929906508, 4.365851339075818
50.894118131616196, 4.321596996312564
50.87010023993291, 4.344688303834335
50.90127177320643, 4.355607674471011
50.86719344445807, 4.358520735179803
50.845558439751365, 4.341410701463687
50.89488009430644, 4.391525829828049
50.87056182770479, 4.345812194221036
50.84592928171673, 4.339513114755421
50.89589201448589, 4.36280385809795
50.89979351049703, 4.393120843914057
50.89161499866567, 4.413799384916741
50.901183857362966, 4.333159421753621




 
2
2
2
1
1
1
1
2
1
1
1
1
1
1
1
1
2
1
2
2
1
1
4
1
1
1
1
1
1
1
1
1
1
1
2
1
2
1
1
1
1
2
1
1
1
2
1
1
50.900798628276895, 4.381409719979913
50.8999828645036, 4.328454066661064
50.84404145628283, 4.348599710635796
50.89137514013118, 4.334711907865445
50.84259522870596, 4.341385467463008
50.83726414829908, 4.34663581592876
50.888914774438064, 4.339755384373714
50.87281108124015, 4.347947766641434
50.843271867112584, 4.366975137867015
50.88157738086944, 4.357822140272964
50.88079256843675, 4.345724692073552
50.83905630511713, 4.352357745462554
50.81587159822723, 4.373874186175466
50.89065401371213, 4.341049661928282
50.87472383036329, 4.347601889810297
50.87404652199919, 4.359324206676026
50.86686599965311, 4.357294002356246
50.842412309679176, 4.340794374778724
50.835323465152975, 4.343586116380697
50.852710397238106, 4.345816410263425
50.85624729450181, 4.34901441387281
50.86798451583646, 4.360532910944396
50.84773132503637, 4.345421332732416
50.844223760053325, 4.353256874049583
50.87977019998329, 4.357127192082194
50.89190076381091, 4.413870198100374
50.86994484273621, 4.361439898735854
50.85124666743532, 4.348852038803915
50.897210282253816, 4.359737768633218
50.88095797750337, 4.344903952593119
50.89190428894098, 4.379137830371014
50.85084816529253, 4.343835744326072
50.81546752048833, 4.370760039107125
50.890000001746785, 4.38589120881106
50.89668167447291, 4.322552043162546
50.8388707759515, 4.351625889707882
50.84027185932322, 4.345035756092441
50.90071071876789, 4.359277194386083
50.84807117238096, 4.346255439837243
50.84537282210396, 4.388383075062049
50.87536078656375, 4.342687673910175
50.89901243545695, 4.385340980387005
50.87733719227145, 4.352635585933077
50.81735794675805, 4.370765609398204
50.89903752132425, 4.330888640848054
50.83803239452423, 4.355222056619729
50.81600180416693, 4.374658285837233
50.85446150106896, 4.352536297944287




 
2
1
1
1
1
1
1
1
1
1
1
1
1
1
1
1
1
2
1
1
2
1
1
2
1
1
1
1
1
1
1
1
1
1
1
1
1
1
1
1
2
1
2
1
1
1
1
1
50.842760096911164, 4.352525325506071
50.842450890354726, 4.343419690141796
50.84490041795017, 4.393711526995648
50.8742355153722, 4.347506949533954
50.83953428102726, 4.367136502796096
50.87407841241035, 4.351774023932728
50.83761638996644, 4.343139153951612
50.89803379054926, 4.327390653820347
50.83636305853485, 4.349265896301483
50.85063426572519, 4.343175704866221
50.89815844509201, 4.326119833481862
50.8776040962283, 4.344418788307232
50.881726616710964, 4.350580830300254
50.88745161912531, 4.341541874124395
50.88357659748085, 4.344992960598146
50.90506016258314, 4.387611698217537
50.899396835572624, 4.327611055151435
50.849528572139015, 4.363706607894025
50.8923324799654, 4.372017899714932
50.877319357693956, 4.356547607390724
50.84310529471069, 4.344328134491883
50.88316438071329, 4.342752111321764
50.851135807469085, 4.349570203748483
50.89453293825819, 4.321415999530113
50.87232505577283, 4.345234519035556
50.89807414356116, 4.32633172743935
50.899130395860254, 4.364379040266445
50.875397795901314, 4.35973204059999
50.89729322375355, 4.392496288894685
50.836009496310766, 4.355905427616912
50.85041348701391, 4.339361984965578
50.87144484850822, 4.363178423663582
50.89217510738076, 4.332051778555218
50.851374927173794, 4.340837667918917
50.84168338699775, 4.373469656342985
50.87335007023813, 4.348804051110533
50.843047808349475, 4.341677066673046
50.86957345756343, 4.360238086915746
50.88575041645422, 4.342260680660995
50.83688849978091, 4.343099873715969
50.89022045634728, 4.381979563810856
50.872768438387645, 4.340220017863776
50.84182921361196, 4.358706137999967
50.878247021982666, 4.354238397304334
50.89119354373928, 4.382492048355806
50.851760711241084, 4.364876800701142
50.83767941757138, 4.347170997924616
50.87187900117496, 4.342980023921902




 
1
1
2
1
1
1
1
1
1
1
1
1
1
1
2
1
1
1
2
1
1
1
1
1
1
1
1
1
1
1
2
1
1
1
2
2
1
1
1
1
1
1
1
1
1
1
1
1
50.83658686359748, 4.349320397207706
50.8770128580262, 4.357700793013656
50.811393669849444, 4.383536013847196
50.85181065057273, 4.340352347564965
50.83057685090953, 4.362366503951404
50.85454989130242, 4.348644589211627
50.83906765315675, 4.343313771889715
50.88679508531141, 4.339490811006001
50.8525122980975, 4.342304934786472
50.849556856523265, 4.388941897931546
50.87820734941325, 4.342420319796728
50.844592826901945, 4.390806856236928
50.87599519387622, 4.350310761175238
50.874698670776965, 4.350165533067433
50.900390356522735, 4.329469112890899
50.89218627145452, 4.366790380464302
50.881384377534026, 4.345953578094033
50.8492871300157, 4.367014680875906
50.84756182703888, 4.359350348641841
50.85110960351811, 4.349306916642093
50.886932653135275, 4.33611251608027
50.84301805200946, 4.395843188233159
50.89519951635407, 4.326165919994721
50.89155073672205, 4.384762292999479
50.87460036547367, 4.3473439759776
50.895134489929475, 4.383179734888167
50.87155583575989, 4.347982596540634
50.891427291598035, 4.382075375004129
50.893751046509, 4.377357751529917
50.8482895367948, 4.343829319886003
50.891403174841166, 4.341272698263948
50.87304956154781, 4.355026131576305
50.87985605518907, 4.342586250460453
50.85551411746852, 4.353627251621937
50.87322983888595, 4.352620877499164
50.84376146072094, 4.339595324095153
50.85300989032774, 4.349297127764903
50.85072486335612, 4.386983077232615
50.84464096714115, 4.395382815439441
50.870937090572276, 4.360732748813212
50.88066580831267, 4.342747797920953
50.83103616434987, 4.359628546025536
50.876438990330996, 4.358991896411333
50.899288852690646, 4.327703143525112
50.88288677104088, 4.343807032769191
50.83517990253386, 4.345873691595234
50.8426143313, 4.368800571680204
50.84485949225729, 4.344766693948744




 
1
1
1
1
1
1
1
1
3
3
1
1
1
3
1
2
1
1
1
1
2
2
1
1
1
1
1
1
1
1
2
1
1
1
2
1
2
1
1
1
2
3
1
1
1
2
1
1
50.84454450034671, 4.345121794441716
50.84899209878829, 4.38340619370299
50.859907346148795, 4.352062269360697
50.895386180292, 4.327124557098657
50.88844522939118, 4.343219625756686
50.85112523879747, 4.346703782327955
50.89176833388431, 4.420197097970011
50.857384983525414, 4.345615382930523
50.806970757903116, 4.374858430581985
50.89420981109777, 4.320648833112211
50.84124052405524, 4.345136806458678
50.873653051804496, 4.346248361833401
50.843098018953505, 4.374264763264192
50.85318152959577, 4.358824559204878
50.848906206415315, 4.342811678309515
50.84760053582104, 4.382239304244261
50.84519591935684, 4.390422734608533
50.87756305541208, 4.343843461779922
50.88934102774018, 4.384125845513872
50.87263955710333, 4.348543349451134
50.89238450427809, 4.378002809134004
50.893908011175526, 4.373620207488788
50.88903412225822, 4.339979899704096
50.89119001521985, 4.382493516873799
50.89051672878097, 4.381297514428594
50.893805994665044, 4.369705318313349
50.877616043941394, 4.358087651831577
50.83533961223067, 4.350168910879608
50.88158076939215, 4.347347616936386
50.88066609000007, 4.343101849922546
50.85906544938272, 4.351387439988449
50.879474120745115, 4.344904672766518
50.89161757578146, 4.332809417723062
50.88057616529158, 4.343888335205187
50.89356995691425, 4.380376940279979
50.89305159531998, 4.374726355315631
50.83967900013642, 4.348411175961544
50.9014194521782, 4.382929723636117
50.83753713628713, 4.350689592560259
50.88736136764769, 4.335392814716537
50.851194183354174, 4.340610071587818
50.88006293208485, 4.356178611052711
50.88302533691182, 4.343283188835473
50.86656877685781, 4.358600529836981
50.89642398240228, 4.328139506655084
50.893881426665125, 4.391414652378449
50.85224839624002, 4.357743957614278
50.899220898071974, 4.364611051100661




 
1
3
1
2
1
1
8
1
1
1
1
1
1
1
1
1
1
1
1
1
1
1
1
1
6
2
1
1
2
3
1
1
1
1
2
1
1
1
1
1
2
2
1
1
1
1
2
1
50.85259616645119, 4.35453999438918
50.84373624388051, 4.355076143084759
50.840043423685124, 4.351135606714148
50.878841331035304, 4.352011716762211
50.84786724589528, 4.376551350477364
50.84797786499308, 4.346367578566537
50.852996607362925, 4.363226202276587
50.86754610900919, 4.357562291783938
50.83673486619642, 4.344639333923003
50.84861195333867, 4.377828491611739
50.83561499321502, 4.343555822277462
50.874690930411404, 4.342551395081652
50.87427928366594, 4.349296683483427
50.89254466835038, 4.365670110778745
50.89374605347728, 4.377120375559848
50.85294379321923, 4.345226324233686
50.84436047403757, 4.347733173966561
50.85161008622813, 4.385021679934956
50.87335844093596, 4.339746812070134
50.874544893970985, 4.342517137088787
50.87600037125292, 4.352376682810156
50.896658052920685, 4.377113685065456
50.897837930386615, 4.374841746582917
50.84326402200023, 4.35157995557513
50.89295665148478, 4.37666992254383
50.84065473416659, 4.355084367067838
50.841928263866535, 4.341881329739381
50.804702589130166, 4.386971600360134
50.895663977662366, 4.380698331003384
50.89399877974721, 4.336962162824674
50.893552928719416, 4.390560369830911
50.851417212167895, 4.350044215241637
50.82979965442619, 4.360502743576088
50.846897621627065, 4.372069889037649
50.8602172702841, 4.352302620628466
50.88544315437033, 4.342617414601339
50.89492617848307, 4.330026088686692
50.87304236338964, 4.353582042850086
50.849081167809835, 4.388590632888588
50.896480429371216, 4.420909741417353
50.89715891119803, 4.324083359676041
50.893626295176745, 4.397474942146339
50.88804320859003, 4.338419684501584
50.841252719273406, 4.346138237441784
50.83522942011482, 4.349271663014205
50.835404123220705, 4.347124869915542
50.843040606319164, 4.361274211829719
50.89187304389687, 4.385446703552725




 
1
1
2
1
2
2
1
1
1
2
2
1
1
2
1
1
1
1
1
1
1
1
2
2
1
1
2
1
2
1
1
1
1
1
1
1
1
1
1
1
1
2
1
2
3
1
1
1
50.89607847002933, 4.377461963590205
50.824563872646856, 4.367083752741609
50.84540712799541, 4.356582430889391
50.853918744397106, 4.34393711261203
50.85564169299047, 4.350801455916676
50.8932981733383, 4.32881285864095
50.90033527950235, 4.384393950687525
50.88884481948861, 4.341556091098049
50.8980468783683, 4.327194413393277
50.84200721817469, 4.343640595272981
50.8937205087494, 4.351483281051776
50.84795264956745, 4.345194847187392
50.852005849539914, 4.345000506445881
50.84606531455408, 4.341324299114481
50.8989041760024, 4.329658205739332
50.846370065060235, 4.338649329011879
50.897753970907466, 4.356061792985504
50.874746397326035, 4.348272079535813
50.83884039890049, 4.343779135900563
50.893808092205404, 4.373083421281088
50.88095610868078, 4.347696994662589
50.89245218915611, 4.328728724437328
50.893892746891574, 4.37918095720859
50.89248658041022, 4.377984480105017
50.88035725356049, 4.344035656961725
50.84832905573691, 4.360192088625368
50.873372998530975, 4.356092446174632
50.89162568001529, 4.331240725975594
50.84316626972984, 4.344155508137344
50.89460635652131, 4.3310209272571
50.89336935565678, 4.379379220307134
50.89215380445807, 4.417713372065258
50.8516838025757, 4.347893513544245
50.87749256478001, 4.354522387227832
50.87637984389848, 4.348839018928095
50.891276355539915, 4.340566958023587
50.85575281955197, 4.345802891303504
50.87405484072108, 4.35310756765991
50.881646402002204, 4.342715611219676
50.89703471033356, 4.327959825710698
50.8392255875714, 4.349291966222101
50.846033275225935, 4.359141864923144
50.85834672764122, 4.352925107100809
50.84848418475424, 4.347154976416505
50.873461660171195, 4.351107696488103
50.89124553715554, 4.342728224810725
50.89528919424338, 4.384077403362663
50.87220554343193, 4.347294307238803




 
1
1
3
1
1
1
2
1
1
1
1
1
1
1
50.895201620007285, 4.394200502656105
50.839804768846506, 4.3513681698158
50.849152889665866, 4.348262076199269
50.834720131062376, 4.344592385875084
50.84917785927039, 4.38740933605468
50.847053225512305, 4.339983281395313
50.880136762528295, 4.34841185181722
50.84588396811552, 4.349904500042411
50.86133900327534, 4.353354930424983
50.87054390654646, 4.360343205712041
50.87096877059733, 4.361183149277296
50.89264886089516, 4.372421945894824
50.851773290304095, 4.359434004931079
50.85257979898343, 4.351249571738993


